100
861 18
17567 12061 1884 30714 66169 8887 80790 30771 24596 87155 23409 71082 58188 41257 88458 68776 77320 50850
2 18
7100 35387 11192 16023 81874 9041 99122 2833 88815 29805 81548 96619 70281 70856 86566 95109 59105 85500
4570 17
55839 53756 59802 18297 58232 71029 63795 11891 21977 16651 53642 14057 26278 91782 11810 28449 88480
2103 17
52599 25083 94707 14424 6743 19124 11028 29044 10579 52305 82672 82318 98670 61578 52840 37862 32613
1237 16
47455 52381 72602 71061 48645 50412 74375 64221 3845 68615 68167 78183 32230 95397 49956 35104
1796 10
41119 63547 17528 44846 45384 1510 28708 24706 1442 1215
2929 17
81535 91547 58328 38518 38703 70385 54481 27023 44911 46862 35499 43243 21993 27465 136 30469 87204
2338 16
96287 99450 60888 44022 75286 12789 40728 45100 87519 1687 27208 62534 81215 30916 67777 40544
150 15
81884 78811 7834 96729 48953 57972 16788 93103 33273 17962 47914 63625 4579 96450 16000
369 20
30841 35058 77410 78547 6355 5709 13634 72504 32053 74289 51246 92968 68137 79272 15393 9741 3212 9739 42756 26625
3736 19
93054 51572 59249 65376 72670 56531 5459 58935 14771 74801 33953 70435 61218 19745 97822 72466 28944 6281 43138
4678 15
48063 51708 26810 25109 49332 1812 42707 82577 14409 29704 26119 12483 5858 97242 10016
2180 14
61022 79930 27253 71412 50446 28685 44314 26314 57319 11111 8261 61571 93475 54913
4733 13
35775 47422 53495 47574 70198 96822 86421 96083 88175 9902 25003 77531 1952
1218 13
79775 62268 45051 70810 46997 59153 56959 91149 27977 78377 56163 26083 7074
1231 10
84602 90934 69045 24078 46637 95083 62763 93993 67879 50913
2550 19
25849 71671 77291 58338 37967 4811 60872 43330 22333 25915 80558 98984 9757 58905 74903 70802 66314 77956 35072
1754 19
91391 45049 29405 97116 25436 33239 92246 62933 7377 9552 42053 72643 21428 60978 66854 77474 11032 17 54286
1647 19
76413 10464 3804 83803 76629 39758 3145 87101 54832 428 17575 77604 15391 81694 2969 32278 18061 91660 23553
431 14
48125 84922 29750 1489 60018 65073 7761 74607 66348 12489 37768 28839 9445 33568
2428 13
92154 12633 83928 60852 35473 77390 69485 83692 82951 2597 24483 11203 14370
4468 12
96125 90523 19193 25693 96334 71345 80400 54809 37518 9832 41769 44264
691 12
47229 65180 98393 92213 62580 43922 74961 4615 63462 14374 91267 40928
1142 11
54623 28894 69884 88186 28631 97972 56941 35688 71466 28156 63048
1352 10
1598 53141 56787 74571 10891 10730 72680 88807 33381 66945
3015 20
94206 62459 34807 50932 12014 4840 32227 59103 56574 55366 34244 45619 45093 10788 57506 44696 84758 61320 60802 18432
4389 19
30200 31091 79346 74590 39261 33244 99414 68435 45003 79175 86341 18111 59575 11318 74165 54168 60294 22534 89475
4976 17
87711 3294 3997 92092 9236 32179 37490 36526 61870 83021 83784 76445 73118 2945 13666 79906 79198
4765 17
25756 54555 85113 36278 6229 60786 46300 23708 41937 71951 15853 40877 66924 24363 24362 10403 68898
3086 16
96189 80123 67706 4889 1206 92597 69652 71539 99752 55911 46118 40390 45731 6916 75802 2562
84 14
37438 82077 33692 41018 90842 45810 82737 90543 18348 18411 58794 71298 90880 37440
4256 20
50931 59251 28656 71393 69984 90718 14682 73946 67670 68175 50621 27314 64685 96044 805 29091 51468 59528 18564 77955
3372 20
58104 70519 62192 77035 4969 81381 59234 1627 13142 83538 17995 34889 36936 81346 93244 51873 18459 90137 50955 47874
330 18
19359 72030 89467 69497 90911 4819 5331 84079 239 61998 96557 66343 24391 98597 56004 36960 47329 6304
2361 15
53951 7034 11613 99387 27194 78265 9016 43639 49105 50445 24056 64157 78341 85699 9570
1539 14
16223 17310 75734 33779 88340 94002 79506 42991 73615 87469 84840 40839 46661 36832
4918 12
59583 6969 73464 8663 12180 41714 2929 35309 74519 4423 3139 481
2419 10
24024 74102 43120 6987 58347 24649 35240 1496 90113 98688
2749 15
89367 74425 34872 92151 53364 71699 20081 48495 71375 32398 43145 74759 62406 99205 55232
2117 15
7423 66685 23288 74623 77110 75573 26228 64947 99343 69324 20426 13801 66630 51812 16768
2092 12
37727 24670 10972 57172 62323 36046 15757 58411 21308 75237 93702 57253
4578 11
2014 502 33938 4369 41935 27469 88427 4233 81001 24807 90374
493 10
20574 71703 70102 66739 55376 36976 84813 51944 96132 97666
1267 20
5885 9453 39525 91226 96082 592 53688 67886 13994 18473 34469 9506 17825 30878 90776 62486 2829 82685 40834 66432
2458 18
64735 28094 48316 29017 44793 24281 78002 53647 42765 13855 88267 23528 27462 93986 24514 16162 47298 21568
3421 16
35454 61276 68698 17112 4854 16563 31226 87438 53308 59628 87239 49156 38373 37190 13221 61476
3710 14
54751 86684 97561 57110 57493 38676 71603 64668 40526 77997 39019 55705 71177 93860
2781 13
82810 38877 24572 67355 62938 17847 23122 10034 74195 52370 96913 21480 65698
1712 11
69012 91121 10481 29905 12687 26476 19532 48521 89319 21347 44322
1392 10
55229 15227 2584 55121 86576 41831 26918 4866 11874 20162
956 10
70651 45817 11703 816 73488 95823 19182 15948 2060 79303
4493 19
64895 68092 33398 35565 55767 54738 97991 21576 966 4550 38337 42420 9127 62757 18211 31388 11542 18954 21504
2204 19
9205 43892 70258 100 25954 57312 22494 41436 58586 12889 57300 82370 29880 59184 95659 5261 58758 55043 50179
2008 17
38619 23002 10136 49431 71858 14715 36114 23091 33010 59087 40079 70573 33741 48887 2047 19367 30402
2024 16
55231 44860 71995 82998 66391 78166 97298 82893 60075 10693 24549 7908 85091 79489 65696 85376
766 15
43871 90430 1981 27478 8598 33014 49908 94320 87213 18280 51401 5864 73864 55432 53126
4407 14
76537 37494 30516 78355 32431 69998 96397 48267 56010 43205 32837 40004 5441 86336
3100 12
24447 10106 87994 34613 89109 25071 5805 21658 94500 37987 13218 39681
2502 11
66396 51195 25434 49686 75956 36563 28624 20975 84583 57797 98914
2643 20
14964 55530 27112 92516 47714 72542 31813 571 92984 16944 47531 60587 19499 88998 60965 70175 72861 38170 46099 48641
2829 19
91369 97508 41562 85080 52043 9546 97725 8252 91436 74154 77091 85274 85013 13207 60182 27028 56084 96141 82823
4728 16
51903 18715 44120 51446 56310 9586 49136 96911 98573 17517 48891 51787 43721 60105 47207 22402
2718 16
73726 18556 15486 69942 63606 3102 4147 72143 14093 23625 91851 68778 84169 29316 16772 13662
1891 14
15420 44635 440 11862 88758 57808 51531 50857 94152 16901 80708 61573 56835 483
3337 13
82047 47356 41786 53782 70992 39792 79152 48175 45484 40682 55273 88709 30149
4186 11
72702 1018 25401 8087 70065 97903 85550 71242 7275 84644 76321
3904 20
9341 31216 40814 88044 78444 21739 57431 75223 63956 52051 52286 36516 62489 3093 44821 17936 75790 78603 7684 60545
432 19
72438 61297 25576 69222 47462 3043 95459 29133 3134 34737 5550 63010 9120 79646 12551 83844 23556 22659 76160
2041 13
39835 68467 28914 44401 63024 43373 47884 77674 48517 16773 72996 73346 39970
1554 11
14872 25230 14893 46856 36903 33223 80323 36101 33668 88771 25249
1709 20
45950 1772 72682 19046 81752 95563 68679 62914 49595 19125 3126 20277 64560 49583 8352 12827 53019 25228 64139 67208
2439 18
18655 22781 60571 50333 58292 25776 1393 37296 72196 76233 89853 32517 34683 62374 40997 40900 33602 66530
2068 16
89182 50620 15451 41561 41303 56017 98357 97748 19612 56400 21457 40048 56110 43932 15368 34689
1223 15
23167 32381 53244 11418 20472 35919 38956 94572 39083 74055 3751 710 10468 76227 40096
2466 12
41722 59639 47254 2613 93459 91345 88048 35727 76078 19116 67175 13701
4916 11
19583 57310 7868 59950 98253 74634 9641 25543 48165 46083 61794
31 14
82457 62359 81525 54387 76529 13425 51917 17547 22987 72520 41476 79809 27105 93376
4288 13
96926 80253 96313 29879 41491 43889 48752 31886 30891 45515 34921 6022 90723
1805 13
65661 83196 30971 3224 55535 51341 18989 95084 5514 93098 13001 198 82755
33 13
92382 30297 67446 21653 69331 37618 79505 65864 14856 52455 68835 34019 16578
4216 12
86874 99160 45588 97682 90448 68366 63470 74349 52650 48586 8104 74336
3287 11
15295 29533 36123 82783 53392 35276 56029 42747 64068 56994 26785
3395 15
49374 3517 29339 98298 83001 19574 115 61810 37679 30957 85642 79850 21061 85764 41761
4103 12
14014 2589 79133 46937 47095 92845 24971 23563 70538 45993 16163 88130
2451 10
16574 54235 42870 45685 469 82897 45868 12426 48485 67456
2748 19
6769 49258 46437 88290 89307 35159 58708 64461 97353 62407 50870 90422 18483 52911 37030 69404 61210 4870 9987
4210 18
82494 8506 58488 53175 90641 60015 99695 81134 40749 56396 54859 79721 34089 58214 6369 21858 40129 21088
1835 18
34142 98653 40248 76086 49970 1950 43890 16528 30095 55369 43111 47685 80229 9186 55392 96800 74944 63840
2328 13
70942 52636 634 71193 30104 35926 6268 11212 56684 56009 51525 97314 73153
243 20
14463 91767 27509 40821 67052 8039 34016 48340 3667 90322 66764 28617 22596 33857 85694 4157 43824 25516 19979 81411
3360 19
28793 24178 40689 6118 31584 16985 13782 36806 41791 11818 72741 33443 68387 30329 99980 21387 59652 96514 62210
2961 15
72766 97595 19482 86776 41938 66640 29007 63435 61801 92933 3557 43813 95619 17186 86112
1794 15
40607 28541 8223 16541 87667 77810 31082 82367 56137 80647 42181 14501 69216 58144 99073
4248 13
72284 78076 92635 4281 6520 31670 6928 38960 64880 98428 66988 83303 17793
2932 13
2012 78457 11382 77043 11508 8979 12466 42449 88720 60143 2346 49639 48611
1576 13
44415 85661 86007 21622 30901 8049 7599 99402 27624 45379 70786 40993 57088
1016 10
96662 437 98259 88210 4268 31468 42278 82435 3811 38177
4797 16
54941 47451 25179 47860 24477 25869 14921 75206 30151 50310 65605 89025 36227 29506 48865 51968
4477 13
671 33118 87543 35959 52722 63631 62379 81155 18840 61924 32099 98401 15296
1819 11
91420 86779 13396 58930 7663 62158 73741 90053 13090 14562 88993
