18
277 191
45055 98301 98300 77815 38898 38889 59368 81892 92131 79839 42972 73693 73692 65496 32727 85973 34768 36807 88006 67523 51138 36796 6074 61366 94133 81843 44978 30640 61355 85931 36773 98212 94111 47006 63388 55194 12183 46996 42901 57236 32654 77709 36747 77700 61315 20351 3969 83839 40831 16253 83832 55158 34677 55156 8049 79730 34673 98159 18283 51049 75624 38760 59236 18273 12128 71514 30554 73558 10064 51025 85841 73552 14158 38729 16191 42813 77629 77626 44856 46891 55082 42794 14119 48930 87841 53024 93983 5917 36632 81686 32533 55056 85770 38666 1799 12038 89860 20227 48898 65277 57082 9979 48890 3833 57079 36598 52978 95983 83695 40686 71404 61163 1770 73449 55014 7910 9955 44770 30434 79586 48863 63193 42713 46804 85713 71376 61129 57029 75456 48829 18108 85690 59064 83638 95926 73397 30386 73389 46767 67246 7853 79532 36521 38567 73379 26275 81570 54943 81566 71323 34459 75418 48789 11923 54931 11917 44684 18057 69254 7813 77443 9859 26242 48758 83573 65141 15989 18036 69229 3697 1646 20079 97902 75372 18028 9835 93802 71272 87652 5732 48741 71267 73315 13919 46686 85594 5720 50772 46670 1610 61001
464 180
71679 20477 40956 20475 40952 10231 16373 51188 24563 67570 30705 75759 4079 16362 98281 75748 30688 90086 69604 81892 22499 71650 57313 20447 14303 22494 20445 83932 18395 57304 61399 71640 79831 38866 6097 8142 53202 88014 83918 53199 90062 81862 32715 96202 18377 92104 63429 30661 12226 67524 51139 28610 34749 51128 83895 34741 69555 87987 71602 85937 94128 12207 44974 10156 98219 38825 98217 1959 63397 40869 94111 20381 59291 69530 44945 65426 20371 40848 87953 87952 34703 10126 3981 3976 55174 96129 63361 71546 73594 71544 32632 67447 67444 32627 44910 77678 53099 40808 83816 77666 59233 10080 30558 24412 87889 61264 87887 28493 63305 53064 55110 67394 30526 59196 18231 55096 85816 69431 44849 83760 91951 7982 83756 50986 42790 98083 75544 96024 26393 36632 69399 48913 46863 65294 9997 53002 71434 1801 12036 42754 40701 63230 93949 20220 65275 40694 87798 1778 3825 22249 81642 12009 32488 98017 55012 59108 87777 14050 93921 11999 81629 69341 98010 79578 3802 93912 22230 69331 93906 32464 42695 52922 73400 54960 87725 44716 22184 46762 85673 97960
458 169
59389 34812 65530 38899 24561 75759 73711 26606 79846 65509 83940 79843 51168 32734 10202 79832 2008 61387 49097 73673 53189 98238 92090 69561 4025 77752 22455 71603 36783 34732 73643 4009 6051 59296 65438 81813 65430 65429 26514 79761 3981 12173 51083 87945 55177 24456 44935 1917 42877 94075 98163 8046 22381 59247 30574 94060 81772 51044 8036 24418 96092 77657 67418 28503 96087 36695 48980 94036 20301 65350 7995 46908 42810 48954 65338 36659 3888 22321 10032 24366 42797 98090 77608 89893 79651 71458 10015 44829 44828 1820 30485 75541 7956 63250 98065 87822 24330 98055 57094 50946 14080 89856 20223 36604 40698 95993 32498 26352 67310 67308 30445 91884 16106 30440 83685 95975 73445 38629 14049 69345 61153 77532 71378 52947 50898 28368 61136 89804 57028 73411 97986 61119 3772 97977 16058 77496 1720 71351 42673 40621 44717 63144 77479 9891 7840 34458 73369 34453 75411 40594 56977 18058 61067 71306 65162 1673 22148 52867 13955 89727 75391 93822 93819 89720 24183 52853 44660 61042 30317
414 158
86012 94203 4089 57336 38902 81910 61429 57330 47084 8168 57313 8150 18387 79823 67533 32714 24522 88008 1991 14276 94147 71617 94141 65466 63418 69557 6068 44978 63409 26545 92080 77738 8107 44970 6055 67493 12193 38813 8092 28568 36760 92055 87955 12179 92049 61329 85903 49037 77705 16265 94089 94088 22396 65401 83828 42857 63335 85862 96099 32610 30561 16219 36696 96083 8018 18255 36686 10060 55112 59209 22344 89926 96067 87875 67390 71484 57146 18231 77621 73521 14127 93991 55076 46884 7970 40724 57110 79637 71444 36627 69392 96010 71433 85764 55039 61181 5886 44797 20221 14074 67319 7926 9974 22259 26354 46831 69359 55020 67306 63207 98022 3808 67295 42714 22235 16090 65241 1746 14033 52937 77512 9929 97992 87747 44739 65216 89783 48818 65200 75433 22190 89772 63148 46762 97962 36517 63144 20135 95910 97957 71332 46754 56993 50849 83615 81561 73363 48789 52881 89747 81554 42641 22155 26246 87684 46724 42625 20097
223 147
86015 75774 71670 24566 32757 2035 81907 94194 92139 61413 88033 61402 73686 83927 10198 47060 36819 65490 88014 30669 59335 51143 42949 14273 57280 22462 47032 65463 75698 55217 20398 44972 1963 12201 79785 40869 73639 20389 20388 87971 55203 96160 38812 44953 22421 30611 1937 79762 44945 3980 89993 85889 98170 10104 38776 79733 83824 92009 67432 96102 77668 32612 92003 12127 65376 79711 59229 48985 5968 30550 69457 59220 83795 3921 10065 12112 12108 87885 3916 87882 22345 87875 22339 5253 36668 53050 69430 40758 50998 46898 46893 30510 96045 71463 93989 71459 28444 20249 89880 75543 12051 46867 18192 24336 96015 7950 26380 57100 20234 55049 40710 38657 93952 46829 57065 50916 55013 98020 59106 98015 81631 50911 44766 93915 61142 16085 69327 73424 65233 3792 95951 28361 69320 44737 67265 67263 44729 36535 71340 48812 54955 22184 83622 18084 54948 71327 81567
418 136
49151 51197 69623 83957 69620 45035 20466 51185 98288 98287 45038 53229 65515 28651 63460 77791 67543 10199 55256 85975 2004 40909 10186 24521 79811 63421 42941 69558 51124 57265 18351 12206 67501 73643 1963 59300 85917 77710 18313 32645 34694 30597 89981 26493 57211 57210 65399 55159 87927 98162 28533 77684 98163 79730 75633 81770 63338 44905 94055 59237 92000 48992 73567 3933 34649 20314 61271 32601 42840 1879 12117 3923 16211 67409 20301 55112 5959 67398 87874 12096 85816 42802 61233 1839 30510 98089 61224 50983 65316 34594 38691 73506 53024 77596 79644 34586 55063 85782 50961 77584 77581 57099 30472 46854 44805 65278 44800 7934 46846 65277 69370 98042 95992 85750 36596 32501 71412 34542 73457 3824 14063 93934 71398 91878 93918 36573 40668 57051 75482 7890 57041 79566 57039 91854 28364 52938
385 125
69629 86006 88054 30700 98287 57324 14317 63468 51177 85994 83945 10216 2016 32735 34781 24538 8152 34772 85974 14293 96212 16336 6090 12235 75723 73674 88004 96195 55228 85945 14265 63421 98237 24508 53178 24506 26553 20401 28594 26545 77744 20398 81838 57260 4010 92068 53153 3996 8091 69530 90006 55188 26513 3977 69512 96133 3968 55167 3966 96119 57206 98164 16241 40816 18285 65388 65386 73576 59240 42854 67430 3934 30556 61275 94043 59227 16217 8017 53073 38735 1870 81739 8010 28489 30531 42816 61248 34623 71478 75573 67371 69412 40737 89882 96025 67349 28434 89871 7951 67343 32519 69380 30468 7940 34563 12032 16127 46846 55033 52985 73465 55029 87796 91884 91874 95969 32480 79583 14045 77530 34522 69337 38617 9943 26325
441 114
83962 96248 98291 73714 83953 75760 24558 85991 90088 34792 6118 83942 18402 32736 73687 53205 53203 88019 45010 59345 12238 57294 49100 22476 77771 34759 20413 28600 92086 6060 42923 71591 63396 6048 26525 69529 69527 32658 77715 87954 1934 96143 77710 16268 57225 51079 44933 53122 85887 59262 73596 14194 49008 57198 18285 89955 94049 98139 53082 38743 14166 1879 42838 42837 51027 94032 85832 59203 14147 89923 98114 12093 51004 79674 75577 87862 87859 73523 91948 16171 73509 75553 28447 22301 77597 67350 89880 26390 77590 42772 98065 24333 38668 50954 5898 34567 75522 38654 79612 3832 52981 7925 1779 42736 91885 34539 5867 79591 30441 22247 71399 48868 50915 75488
24 103
83963 36853 94195 92145 38887 10211 53219 40926 55262 61403 92124 36827 18389 73677 12241 59344 61391 16332 1994 34763 85961 51144 94150 1989 63428 38850 77760 75711 83902 44989 63420 59322 55222 79797 79792 47020 71594 73641 1959 47009 44961 92064 36766 71576 24468 16276 67476 34707 77713 34705 38794 96128 12157 6004 22387 63344 1904 79726 92013 8042 1898 38761 34659 83810 36702 53086 40796 40794 67416 42839 53075 24400 67404 42828 40776 57155 61251 30528 71485 81721 14136 75576 18226 7981 16169 57124 48932 46882 42780 87837 50972 5914 83738 50966 91921 3858 67345 87823 12039 79618 30450 81650 5872
153 92
81919 24574 32760 94198 20470 22513 28656 81902 69613 51174 51172 90077 2013 92125 38870 94168 83924 96213 98261 59348 92115 26575 90050 79809 75705 67509 49073 73646 77741 22444 30635 73640 12200 22439 96166 1956 90019 69535 65439 40862 63387 77719 73618 30608 77707 20355 89986 30581 55155 10100 8051 73584 16237 49000 75622 36708 81762 30560 77660 91994 81753 46935 28501 3923 69458 10065 44879 65358 36685 22346 79690 61257 32584 1863 30534 91973 30528 44862 91963 63290 61241 96050 85805 65323 1834 18218 57130 30504 73512 24355 85786 91931
321 81
88063 71676 90106 22521 73717 40947 69619 45040 28657 79856 24556 42986 45034 59367 24547 34786 38882 81885 73690 26584 26582 40913 1994 42953 88007 4034 20410 94138 81849 96177 65450 18341 49055 75678 94107 34708 59283 38798 65417 61322 96137 85894 53111 63351 59253 75629 3949 5991 61288 51047 44897 87897 30552 32597 61264 85839 87886 34636 53058 61250 14139 63284 5939 38707 16175 28458 71466 55077 98078 55067 36633 89879 36630 50965 61194 5895 98055 65282 50943 61176 14070
250 70
63484 77819 73716 22512 88049 94192 30703 20458 55272 71652 45027 12257 77790 49117 65500 22491 28632 90065 40912 81870 45005 47051 59339 6085 79812 57281 24513 61375 81846 75694 20395 75689 49063 57249 6049 94112 51102 49053 40850 85908 51090 12178 10123 44939 18315 20363 1928 10120 85895 12166 1920 18303 77690 89977 30577 14191 32622 32620 65383 69477 71524 71522 75617 75616 94042 10073 69461 12111 42831 16199
235 59
32766 4090 34809 40951 34806 8181 24555 20458 24552 8166 65510 81891 57301 71634 26577 4048 1999 88011 83905 55232 81855 55223 67504 4016 20393 8105 22438 16293 94114 14242 61342 18323 69522 8075 98185 14213 14206 18302 8061 65402 77687 10101 12147 67442 69489 26481 48999 67427 3932 14167 12118 63312 71501 81739 87882 96073 12102 98115 48963
429 48
96254 86013 28667 94202 38904 98294 51187 12270 6123 69609 81897 88040 2021 96224 63453 47066 79825 53201 63438 75725 75721 30663 20423 4038 81859 55233 57279 59324 94140 90040 44981 36787 55211 61354 47011 42914 90015 1949 71581 69532 75671 79764 90002 24461 98189 46986 65415 49027
196 37
53245 26620 51195 45050 57337 6131 75763 4076 6120 94184 55271 69605 61408 98268 32732 6107 75737 96210 51149 24517 77763 34748 81852 6076 67505 67504 26541 53163 59306 26538 44966 36771 49059 83873 83867 61330 49042
421 26
12286 32764 88057 59380 75762 4076 34793 47081 98274 61409 55263 75743 20444 28634 96215 34769 38863 22478 38860 55241 65476 28612 87996 85943 16311 6067
345 15
16381 26604 77803 57322 88034 34785 59359 42975 36830 69597 38873 94169 42969 88020 94161
206 4
10239 38906 12276 20457
